#         t          x          y          z         vx         vy         vz
      0.000    -98.560   -119.990   -127.760    -28.430    173.920     93.230
      0.010    -98.840   -118.245   -126.822    -27.518    175.021     94.409
      0.020    -99.110   -116.490   -125.872    -26.584    176.128     95.605
      0.030    -99.371   -114.723   -124.910    -25.627    177.243     96.817
      0.040    -99.623   -112.945   -123.935    -24.647    178.364     98.046
      0.050    -99.864   -111.155   -122.949    -23.643    179.492     99.292
      0.060   -100.095   -109.355   -121.949    -22.614    180.627    100.556
      0.070   -100.316   -107.543   -120.937    -21.559    181.768    101.838
      0.080   -100.526   -105.719   -119.913    -20.478    182.917    103.139
      0.090   -100.726   -103.884   -118.875    -19.369    184.072    104.459
      0.100   -100.914   -102.038   -117.823    -18.231    185.234    105.798
      0.110   -101.090   -100.180   -116.758    -17.064    186.402    107.157
      0.120   -101.255    -98.310   -115.680    -15.866    187.577    108.537
      0.130   -101.407    -96.428   -114.588    -14.637    188.758    109.938
      0.140   -101.547    -94.535   -113.481    -13.375    189.945    111.361
      0.150   -101.675    -92.629   -112.360    -12.079    191.139    112.806
      0.160   -101.789    -90.712   -111.225    -10.748    192.338    114.273
      0.170   -101.889    -88.782   -110.075     -9.380    193.544    115.764
      0.180   -101.976    -86.841   -108.910     -7.975    194.754    117.278
      0.190   -102.049    -84.887   -107.729     -6.530    195.970    118.817
      0.200   -102.107    -82.922   -106.533     -5.045    197.191    120.382
      0.210   -102.149    -80.943   -105.321     -3.517    198.417    121.972
      0.220   -102.177    -78.953   -104.093     -1.945    199.647    123.588
      0.230   -102.188    -76.951   -102.849     -0.327    200.881    125.232
      0.240   -102.183    -74.936   -101.589      1.338    202.119    126.903
      0.250   -102.161    -72.908   -100.311      3.052    203.359    128.603
      0.260   -102.122    -70.868    -99.016      4.818    204.602    130.333
      0.270   -102.064    -68.816    -97.704      6.638    205.847    132.092
      0.280   -101.989    -66.751    -96.374      8.513    207.093    133.883
      0.290   -101.894    -64.674    -95.027     10.447    208.339    135.704
      0.300   -101.779    -62.585    -93.660     12.441    209.585    137.559
      0.310   -101.645    -60.483    -92.275     14.498    210.830    139.447
      0.320   -101.489    -58.368    -90.871     16.621    212.072    141.368
      0.330   -101.312    -56.241    -89.448     18.812    213.310    143.325
      0.340   -101.113    -54.102    -88.004     21.075    214.544    145.317
      0.350   -100.890    -51.950    -86.541     23.414    215.771    147.346
      0.360   -100.644    -49.786    -85.057     25.830    216.991    149.412
      0.370   -100.373    -47.610    -83.553     28.328    218.201    151.517
      0.380   -100.077    -45.422    -82.027     30.911    219.400    153.660
      0.390    -99.754    -43.223    -80.479     33.584    220.586    155.844
      0.400    -99.405    -41.011    -78.910     36.350    221.756    158.067
      0.410    -99.027    -38.788    -77.318     39.213    222.907    160.333
      0.420    -98.620    -36.553    -75.703     42.179    224.038    162.640
      0.430    -98.183    -34.307    -74.065     45.251    225.144    164.990
      0.440    -97.714    -32.050    -72.403     48.435    226.223    167.383
      0.450    -97.214    -29.783    -70.717     51.737    227.270    169.820
      0.460    -96.679    -27.505    -69.006     55.161    228.281    172.301
      0.470    -96.110    -25.217    -67.271     58.713    229.253    174.826
      0.480    -95.504    -22.920    -65.509     62.399    230.179    177.396
      0.490    -94.861    -20.614    -63.722     66.226    231.054    180.009
      0.500    -94.179    -18.299    -61.909     70.200    231.872    182.667
      0.510    -93.456    -15.977    -60.069     74.328    232.626    185.367
      0.520    -92.692    -13.647    -58.202     78.616    233.309    188.110
      0.530    -91.883    -11.311    -56.307     83.073    233.911    190.894
      0.540    -91.029     -8.969    -54.383     87.704    234.425    193.717
      0.550    -90.128     -6.623    -52.432     92.519    234.839    196.577
      0.560    -89.178     -4.273    -50.452     97.523    235.143    199.471
      0.570    -88.177     -1.921    -48.442    102.726    235.325    202.396
      0.580    -87.122      0.433    -46.404    108.133    235.371    205.347
      0.590    -86.013      2.786    -44.335    113.753    235.266    208.320
      0.600    -84.846      5.137    -42.237    119.593    234.996    211.307
      0.610    -83.620      7.485    -40.109    125.659    234.541    214.302
      0.620    -82.332      9.827    -37.951    131.956    233.884    217.297
      0.630    -80.980     12.162    -35.763    138.490    233.004    220.280
      0.640    -79.561     14.486    -33.546    145.264    231.880    223.241
      0.650    -78.073     16.798    -31.299    152.279    230.488    226.165
      0.660    -76.514     19.094    -29.023    159.536    228.803    229.038
      0.670    -74.881     21.372    -26.718    167.032    226.799    231.842
      0.680    -73.172     23.629    -24.386    174.761    224.450    234.557
      0.690    -71.385     25.859    -22.028    182.715    221.727    237.160
      0.700    -69.517     28.061    -19.644    190.880    218.602    239.628
      0.710    -67.566     30.229    -17.236    199.239    215.048    241.934
      0.720    -65.531     32.360    -14.806    207.768    211.037    244.047
      0.730    -63.410     34.448    -12.356    216.438    206.545    245.937
      0.740    -61.202     36.488     -9.889    225.215    201.549    247.572
      0.750    -58.906     38.476     -7.406    234.056    196.031    248.916
      0.760    -56.521     40.406     -4.912    242.914    189.977    249.937
      0.770    -54.048     42.273     -2.409    251.733    183.383    250.598
      0.780    -51.487     44.071      0.098    260.454    176.248    250.852
      0.790    -48.839     45.795      2.605    269.002    168.590    250.552
      0.800    -46.108     47.440      5.107    277.306    160.437    249.791
      0.810    -43.295     49.002      7.599    285.293    151.821    248.567
      0.820    -40.404     50.475     10.076    292.896    142.784    246.870
      0.830    -37.439     51.855     12.534    300.050    133.380    244.700
      0.840    -34.405     53.141     14.967    306.696    123.667    242.064
      0.850    -31.308     54.328     17.373    312.783    113.713    238.976
      0.860    -28.153     55.414     19.745    318.269    103.588    235.461
      0.870    -24.946     56.399     22.080    323.123     93.366    231.549
      0.880    -21.694     57.281     24.374    327.327     83.120    227.275
      0.890    -18.403     58.062     26.624    330.872     72.921    222.680
      0.900    -15.079     58.740     28.826    333.764     62.834    217.810
      0.910    -11.730     59.319     30.979    336.015     52.920    212.709
      0.920     -8.362     59.800     33.079    337.649     43.232    207.423
      0.930     -4.980     60.185     35.127    338.696     33.814    201.997
      0.940     -1.591     60.478     37.119    339.193     24.703    196.473
      0.950      1.801     60.681     39.056    339.177     15.928    190.890
      0.960      5.190     60.798     40.937    338.693      7.509    185.284
      0.970      8.573     60.833     42.761    337.782     -0.539    179.687
      0.980     11.944     60.789     44.531    336.488     -8.209    174.127
      0.990     15.301     60.671     46.244    334.853    -15.499    168.626
      1.000     18.640     60.481     47.903    332.917    -22.411    163.205
      1.010     21.958     60.224     49.509    330.717    -28.952    157.880
      1.020     25.253     59.904     51.062    328.289    -35.129    152.664
      1.030     28.522     59.523     52.563    325.665    -40.956    147.567
      1.040     31.765     59.086     54.014    322.876    -46.444    142.596
      1.050     34.979     58.596     55.415    319.947    -51.608    137.758
      1.060     38.164     58.056     56.769    316.903    -56.463    133.055
      1.070     41.317     57.468     58.077    313.766    -61.023    128.489
      1.080     44.439     56.837     59.340    310.554    -65.303    124.061
      1.090     47.528     56.164     60.559    307.285    -69.320    119.770
      1.100     50.584     55.452     61.736    303.974    -73.088    115.614
      1.110     53.607     54.703     62.872    300.632    -76.620    111.592
      1.120     56.597     53.920     63.968    297.273    -79.932    107.701
      1.130     59.552     53.105     65.027    293.905    -83.035    103.938
      1.140     62.475     52.261     66.048    290.537    -85.943    100.298
      1.150     65.363     51.387     67.033    287.177    -88.667     96.779
      1.160     68.218     50.488     67.984    283.830    -91.219     93.377
      1.170     71.040     49.564     68.901    280.503    -93.610     90.088
      1.180     73.828     48.617     69.786    277.199    -95.849     86.907
      1.190     76.584     47.648     70.640    273.922    -97.946     83.831
      1.200     79.307     46.658     71.463    270.677    -99.910     80.856
      1.210     81.998     45.650     72.258    267.464   -101.748     77.978
      1.220     84.656     44.624     73.023    264.287   -103.469     75.194
      1.230     87.284     43.581     73.762    261.147   -105.080     72.499
      1.240     89.880     42.523     74.474    258.045   -106.588     69.890
      1.250     92.445     41.450     75.160    254.983   -107.998     67.364
      1.260     94.979     40.363     75.821    251.961   -109.317     64.918
      1.270     97.484     39.264     76.459    248.980   -110.550     62.548
      1.280     99.959     38.153     77.073    246.041   -111.703     60.251
      1.290    102.405     37.030     77.664    243.143   -112.780     58.024
      1.300    104.822     35.898     78.234    240.286   -113.785     55.864
      1.310    107.211     34.755     78.782    237.470   -114.723     53.770
      1.320    109.572     33.603     79.309    234.696   -115.598     51.737
      1.330    111.905     32.443     79.817    231.963   -116.413     49.764
      1.340    114.211     31.275     80.305    229.270   -117.172     47.848
      1.350    116.491     30.100     80.774    226.617   -117.878     45.987
      1.360    118.744     28.918     81.225    224.004   -118.533     44.179
      1.370    120.971     27.730     81.658    221.429   -119.142     42.422
      1.380    123.173     26.535     82.074    218.893   -119.705     40.714
      1.390    125.349     25.336     82.472    216.395   -120.227     39.052
      1.400    127.501     24.131     82.855    213.934   -120.708     37.436
      1.410    129.628     22.922     83.221    211.509   -121.152     35.863
      1.420    131.731     21.708     83.572    209.120   -121.560     34.332
      1.430    133.811     20.491     83.908    206.767   -121.934     32.841
      1.440    135.867     19.270     84.229    204.448   -122.276     31.389
      1.450    137.900     18.045     84.536    202.163   -122.587     29.974
      1.460    139.910     16.818     84.829    199.911   -122.870     28.595
      1.470    141.898     15.588     85.108    197.691   -123.125     27.251
      1.480    143.864     14.356     85.374    195.503   -123.354     25.941
      1.490    145.808     13.121     85.627    193.347   -123.559     24.662
      1.500    147.731     11.885     85.868    191.221   -123.740     23.415
      1.510    149.633     10.647     86.096    189.125   -123.899     22.198
      1.520    151.514      9.407     86.312    187.058   -124.036     21.009
      1.530    153.374      8.166     86.516    185.019   -124.154     19.849
      1.540    155.214      6.924     86.709    183.009   -124.252     18.716
      1.550    157.035      5.681     86.890    181.026   -124.332     17.609
      1.560    158.835      4.437     87.061    179.070   -124.395     16.527
      1.570    160.616      3.193     87.221    177.140   -124.441     15.470
      1.580    162.378      1.949     87.371    175.236   -124.471     14.436
      1.590    164.121      0.704     87.510    173.357   -124.487     13.426
      1.600    165.845     -0.541     87.639    171.502   -124.488     12.437
      1.610    167.551     -1.786     87.759    169.671   -124.475     11.470
      1.620    169.239     -3.031     87.869    167.864   -124.449     10.524
      1.630    170.908     -4.275     87.969    166.080   -124.411      9.598
      1.640    172.560     -5.519     88.061    164.319   -124.360      8.692
      1.650    174.195     -6.762     88.143    162.579   -124.299      7.804
      1.660    175.812     -8.005     88.217    160.861   -124.226      6.935
      1.670    177.412     -9.246     88.282    159.164   -124.143      6.084
      1.680    178.996    -10.487     88.339    157.488   -124.051      5.250
      1.690    180.562    -11.727     88.387    155.832   -123.948      4.433
      1.700    182.112    -12.966     88.428    154.195   -123.837      3.632
      1.710    183.646    -14.204     88.460    152.579   -123.717      2.847
      1.720    185.164    -15.441     88.485    150.981   -123.588      2.077
      1.730    186.666    -16.676     88.502    149.401   -123.452      1.322
      1.740    188.152    -17.910     88.511    147.840   -123.308      0.582
      1.750    189.623    -19.142     88.513    146.297   -123.157     -0.144
      1.760    191.078    -20.373     88.508    144.771   -122.998     -0.856
      1.770    192.518    -21.602     88.496    143.262   -122.833     -1.555
      1.780    193.943    -22.829     88.477    141.770   -122.661     -2.241
      1.790    195.354    -24.055     88.451    140.294   -122.484     -2.915
      1.800    196.749    -25.279     88.419    138.834   -122.300     -3.576
      1.810    198.130    -26.501     88.380    137.390   -122.111     -4.225
      1.820    199.497    -27.721     88.335    135.962   -121.916     -4.862
      1.830    200.850    -28.939     88.283    134.548   -121.716     -5.488
      1.840    202.188    -30.155     88.225    133.150   -121.511     -6.103
      1.850    203.513    -31.370     88.161    131.766   -121.301     -6.707
      1.860    204.824    -32.581     88.091    130.396   -121.086     -7.300
      1.870    206.121    -33.791     88.015    129.040   -120.867     -7.884
      1.880    207.404    -34.999     87.933    127.698   -120.644     -8.457
      1.890    208.675    -36.204     87.846    126.369   -120.417     -9.021
      1.900    209.932    -37.407     87.753    125.054   -120.185     -9.575
      1.910    211.176    -38.608     87.654    123.751   -119.950    -10.119
      1.920    212.407    -39.806     87.550    122.462   -119.712    -10.655
      1.930    213.625    -41.002     87.441    121.184   -119.469    -11.182
      1.940    214.831    -42.195     87.327    119.919   -119.224    -11.700
      1.950    216.024    -43.386     87.207    118.666   -118.975    -12.209
      1.960    217.204    -44.575     87.083    117.425   -118.723    -12.711
      1.970    218.372    -45.761     86.953    116.195   -118.468    -13.204
      1.980    219.528    -46.944     86.819    114.976   -118.210    -13.689
      1.990    220.672    -48.125     86.679    113.769   -117.949    -14.167
      2.000    221.804    -49.303     86.535    112.573   -117.686    -14.637
      2.010    222.923    -50.479     86.387    111.387   -117.419    -15.100
      2.020    224.031    -51.652     86.233    110.212   -117.151    -15.556
      2.030    225.128    -52.822     86.076    109.047   -116.880    -16.004
      2.040    226.212    -53.989     85.913    107.893   -116.607    -16.446
      2.050    227.286    -55.154     85.747    106.748   -116.331    -16.881
      2.060    228.347    -56.316     85.576    105.613   -116.054    -17.309
      2.070    229.398    -57.475     85.401    104.488   -115.774    -17.731
      2.080    230.437    -58.631     85.221    103.373   -115.492    -18.147
      2.090    231.465    -59.785     85.038    102.267   -115.209    -18.556
      2.100    232.483    -60.935     84.850    101.170   -114.923    -18.960
      2.110    233.489    -62.083     84.658    100.082   -114.636    -19.357
      2.120    234.484    -63.228     84.463     99.002   -114.347    -19.748
      2.130    235.469    -64.370     84.264     97.932   -114.057    -20.134
      2.140    236.443    -65.509     84.060     96.870   -113.764    -20.515
      2.150    237.406    -66.645     83.853     95.817   -113.471    -20.889
      2.160    238.359    -67.779     83.643     94.771   -113.175    -21.259
      2.170    239.302    -68.909     83.428     93.734   -112.878    -21.623
      2.180    240.234    -70.036     83.210     92.706   -112.580    -21.982
      2.190    241.156    -71.161     82.989     91.684   -112.281    -22.336
      2.200    242.068    -72.282     82.763     90.671   -111.980    -22.685
      2.210    242.969    -73.400     82.535     89.665   -111.678    -23.029
      2.220    243.861    -74.515     82.303     88.667   -111.375    -23.369
      2.230    244.743    -75.628     82.067     87.676   -111.070    -23.703
      2.240    245.615    -76.737     81.829     86.693   -110.765    -24.033
      2.250    246.477    -77.843     81.587     85.717   -110.458    -24.359
      2.260    247.329    -78.946     81.342     84.747   -110.150    -24.680
      2.270    248.172    -80.046     81.093     83.785   -109.841    -24.997
      2.280    249.005    -81.143     80.842     82.830   -109.532    -25.309
      2.290    249.828    -82.237     80.587     81.881   -109.221    -25.618
      2.300    250.642    -83.327     80.329     80.939   -108.909    -25.922
      2.310    251.447    -84.415     80.069     80.003   -108.597    -26.222
      2.320    252.242    -85.499     79.805     79.074   -108.283    -26.518
      2.330    253.029    -86.580     79.538     78.151   -107.969    -26.810
      2.340    253.806    -87.659     79.269     77.234   -107.654    -27.099
      2.350    254.573    -88.733     78.996     76.324   -107.338    -27.383
      2.360    255.332    -89.805     78.721     75.419   -107.021    -27.664
      2.370    256.082    -90.874     78.443     74.521   -106.704    -27.942
      2.380    256.822    -91.939     78.162     73.628   -106.386    -28.215
      2.390    257.554    -93.002     77.879     72.741   -106.067    -28.486
      2.400    258.277    -94.061     77.593     71.860   -105.747    -28.752
      2.410    258.992    -95.117     77.304     70.985   -105.427    -29.016
      2.420    259.697    -96.169     77.012     70.115   -105.106    -29.276
      2.430    260.394    -97.219     76.718     69.250   -104.785    -29.532
      2.440    261.082    -98.265     76.422     68.391   -104.463    -29.786
      2.450    261.762    -99.308     76.123     67.537   -104.140    -30.036
      2.460    262.433   -100.348     75.821     66.689   -103.817    -30.283
      2.470    263.096   -101.384     75.517     65.845   -103.493    -30.527
      2.480    263.750   -102.418     75.211     65.007   -103.169    -30.768
      2.490    264.396   -103.448     74.902     64.173   -102.844    -31.006
      2.500    265.033   -104.474     74.590     63.345   -102.518    -31.241
      2.510    265.663   -105.498     74.277     62.521   -102.192    -31.473
      2.520    266.284   -106.518     73.961     61.702   -101.866    -31.702
      2.530    266.897   -107.535     73.643     60.888   -101.539    -31.928
      2.540    267.501   -108.549     73.322     60.079   -101.212    -32.152
      2.550    268.098   -109.560     73.000     59.274   -100.884    -32.373
      2.560    268.687   -110.567     72.675     58.474   -100.556    -32.591
      2.570    269.268   -111.571     72.348     57.678   -100.227    -32.807
      2.580    269.841   -112.571     72.019     56.886    -99.898    -33.020
      2.590    270.406   -113.569     71.688     56.099    -99.569    -33.230
      2.600    270.963   -114.563     71.354     55.317    -99.239    -33.438
      2.610    271.512   -115.553     71.019     54.538    -98.909    -33.643
      2.620    272.053   -116.541     70.681     53.764    -98.578    -33.846
      2.630    272.587   -117.525     70.342     52.994    -98.247    -34.046
      2.640    273.113   -118.506     70.000     52.227    -97.916    -34.244
      2.650    273.632   -119.483     69.657     51.465    -97.584    -34.440
      2.660    274.143   -120.457     69.312     50.707    -97.252    -34.633
      2.670    274.646   -121.428     68.964     49.953    -96.920    -34.824
      2.680    275.142   -122.396     68.615     49.203    -96.587    -35.013
      2.690    275.630   -123.360     68.264     48.456    -96.254    -35.199
      2.700    276.111   -124.321     67.911     47.713    -95.920    -35.383
      2.710    276.584   -125.278     67.557     46.974    -95.586    -35.565
      2.720    277.050   -126.233     67.200     46.239    -95.252    -35.745
      2.730    277.509   -127.183     66.842     45.507    -94.918    -35.923
      2.740    277.960   -128.131     66.482     44.779    -94.583    -36.099
      2.750    278.405   -129.075     66.120     44.054    -94.248    -36.272
      2.760    278.842   -130.016     65.756     43.333    -93.913    -36.444
      2.770    279.271   -130.953     65.391     42.615    -93.577    -36.613
      2.780    279.694   -131.888     65.024     41.900    -93.241    -36.781
      2.790    280.109   -132.818     64.655     41.189    -92.905    -36.946
      2.800    280.518   -133.746     64.285     40.482    -92.569    -37.110
      2.810    280.919   -134.670     63.913     39.777    -92.232    -37.272
      2.820    281.313   -135.590     63.539     39.076    -91.895    -37.432
      2.830    281.700   -136.508     63.164     38.378    -91.557    -37.589
      2.840    282.081   -137.421     62.788     37.683    -91.220    -37.745
      2.850    282.454   -138.332     62.409     36.991    -90.882    -37.900
      2.860    282.821   -139.239     62.030     36.302    -90.544    -38.052
      2.870    283.180   -140.143     61.648     35.617    -90.205    -38.203
      2.880    283.533   -141.043     61.266     34.934    -89.866    -38.352
      2.890    283.879   -141.940     60.881     34.254    -89.527    -38.499
      2.900    284.218   -142.834     60.496     33.577    -89.188    -38.644
      2.910    284.550   -143.724     60.109     32.903    -88.848    -38.788
      2.920    284.876   -144.611     59.720     32.232    -88.509    -38.930
      2.930    285.195   -145.494     59.330     31.564    -88.168    -39.070
      2.940    285.507   -146.374     58.939     30.898    -87.828    -39.209
      2.950    285.813   -147.251     58.546     30.235    -87.487    -39.346
      2.960    286.112   -148.124     58.152     29.575    -87.147    -39.481
      2.970    286.405   -148.994     57.756     28.918    -86.805    -39.615
      2.980    286.691   -149.860     57.359     28.263    -86.464    -39.748
      2.990    286.970   -150.723     56.961     27.611    -86.122    -39.878
      3.000    287.243   -151.582     56.562     26.961    -85.780    -40.008
      3.010    287.509   -152.438     56.161     26.314    -85.438    -40.135
      3.020    287.769   -153.291     55.759     25.670    -85.095    -40.261
      3.030    288.023   -154.140     55.356     25.028    -84.753    -40.386
      3.040    288.270   -154.986     54.951     24.388    -84.410    -40.509
      3.050    288.510   -155.828     54.546     23.751    -84.066    -40.631
      3.060    288.745   -156.667     54.139     23.117    -83.723    -40.751
      3.070    288.973   -157.503     53.731     22.484    -83.379    -40.870
      3.080    289.194   -158.335     53.321     21.854    -83.035    -40.987
      3.090    289.410   -159.164     52.911     21.227    -82.690    -41.103
      3.100    289.619   -159.989     52.499     20.601    -82.346    -41.218
      3.110    289.822   -160.811     52.087     19.978    -82.001    -41.331
      3.120    290.018   -161.629     51.673     19.357    -81.655    -41.443
      3.130    290.209   -162.444     51.258     18.739    -81.310    -41.553
      3.140    290.393   -163.255     50.842     18.122    -80.964    -41.662
      3.150    290.571   -164.063     50.425     17.508    -80.618    -41.770
      3.160    290.743   -164.867     50.006     16.896    -80.272    -41.876
      3.170    290.909   -165.668     49.587     16.286    -79.925    -41.982
      3.180    291.069   -166.466     49.167     15.678    -79.578    -42.085
      3.190    291.223   -167.260     48.745     15.072    -79.231    -42.188
      3.200    291.371   -168.050     48.323     14.468    -78.883    -42.289
      3.210    291.512   -168.838     47.900     13.866    -78.535    -42.389
      3.220    291.648   -169.621     47.475     13.266    -78.187    -42.488
      3.230    291.778   -170.401     47.050     12.668    -77.839    -42.586
      3.240    291.901   -171.178     46.623     12.072    -77.490    -42.682
      3.250    292.019   -171.951     46.196     11.478    -77.141    -42.777
      3.260    292.131   -172.721     45.768     10.886    -76.791    -42.871
      3.270    292.237   -173.487     45.339     10.296    -76.442    -42.964
      3.280    292.337   -174.250     44.909      9.707    -76.092    -43.055
      3.290    292.431   -175.009     44.478      9.121    -75.741    -43.146
      3.300    292.519   -175.764     44.046      8.536    -75.391    -43.235
      3.310    292.602   -176.517     43.613      7.953    -75.040    -43.323
      3.320    292.678   -177.265     43.179      7.372    -74.688    -43.410
      3.330    292.749   -178.010     42.745      6.792    -74.337    -43.495
      3.340    292.814   -178.752     42.309      6.214    -73.984    -43.580
      3.350    292.873   -179.490     41.873      5.638    -73.632    -43.663
      3.360    292.927   -180.225     41.436      5.064    -73.279    -43.746
      3.370    292.975   -180.956     40.998      4.491    -72.926    -43.827
      3.380    293.017   -181.683     40.560      3.920    -72.573    -43.907
      3.390    293.053   -182.407     40.120      3.351    -72.219    -43.986
      3.400    293.084   -183.127     39.680      2.783    -71.865    -44.064
      3.410    293.109   -183.844     39.239      2.217    -71.511    -44.141
      3.420    293.128   -184.558     38.797      1.652    -71.156    -44.217
      3.430    293.142   -185.267     38.355      1.089    -70.801    -44.291
      3.440    293.150   -185.974     37.911      0.528    -70.445    -44.365
      3.450    293.152   -186.676     37.467     -0.032    -70.089    -44.438
      3.460    293.149   -187.375     37.022     -0.591    -69.733    -44.509
      3.470    293.141   -188.071     36.577     -1.148    -69.376    -44.580
      3.480    293.126   -188.763     36.131     -1.704    -69.019    -44.649
      3.490    293.107   -189.451     35.684     -2.258    -68.662    -44.718
      3.500    293.081   -190.136     35.237     -2.810    -68.304    -44.785
      3.510    293.050   -190.817     34.788     -3.362    -67.945    -44.852
      3.520    293.014   -191.495     34.340     -3.912    -67.587    -44.917
      3.530    292.972   -192.169     33.890     -4.460    -67.227    -44.982
      3.540    292.925   -192.840     33.440     -5.007    -66.868    -45.045
      3.550    292.872   -193.507     32.989     -5.553    -66.508    -45.108
      3.560    292.814   -194.170     32.538     -6.097    -66.148    -45.169
      3.570    292.750   -194.830     32.086     -6.641    -65.787    -45.230
      3.580    292.681   -195.486     31.633     -7.182    -65.426    -45.289
      3.590    292.606   -196.138     31.180     -7.723    -65.064    -45.348
      3.600    292.526   -196.787     30.726     -8.262    -64.702    -45.406
      3.610    292.441   -197.432     30.272     -8.800    -64.339    -45.462
      3.620    292.350   -198.074     29.817     -9.337    -63.976    -45.518
      3.630    292.254   -198.712     29.361     -9.873    -63.613    -45.573
      3.640    292.153   -199.346     28.905    -10.407    -63.249    -45.627
      3.650    292.046   -199.977     28.449    -10.940    -62.884    -45.680
      3.660    291.934   -200.604     27.992    -11.472    -62.519    -45.732
      3.670    291.817   -201.227     27.534    -12.003    -62.154    -45.783
      3.680    291.694   -201.847     27.076    -12.533    -61.788    -45.833
      3.690    291.566   -202.463     26.618    -13.061    -61.422    -45.882
      3.700    291.433   -203.075     26.159    -13.589    -61.055    -45.931
      3.710    291.294   -203.684     25.699    -14.115    -60.687    -45.978
      3.720    291.151   -204.289     25.239    -14.640    -60.319    -46.025
      3.730    291.002   -204.890     24.779    -15.164    -59.951    -46.070
      3.740    290.847   -205.488     24.318    -15.687    -59.582    -46.115
      3.750    290.688   -206.082     23.856    -16.209    -59.213    -46.159
      3.760    290.523   -206.672     23.394    -16.730    -58.843    -46.202
      3.770    290.353   -207.259     22.932    -17.250    -58.472    -46.244
      3.780    290.178   -207.842     22.470    -17.769    -58.101    -46.285
      3.790    289.998   -208.421     22.007    -18.287    -57.730    -46.325
      3.800    289.812   -208.996     21.543    -18.804    -57.357    -46.365
      3.810    289.622   -209.568     21.079    -19.320    -56.985    -46.403
      3.820    289.426   -210.136     20.615    -19.835    -56.611    -46.441
      3.830    289.225   -210.700     20.150    -20.349    -56.238    -46.478
      3.840    289.019   -211.261     19.686    -20.862    -55.863    -46.514
      3.850    288.808   -211.817     19.220    -21.374    -55.488    -46.549
      3.860    288.592   -212.370     18.755    -21.886    -55.113    -46.583
      3.870    288.370   -212.920     18.289    -22.396    -54.736    -46.616
      3.880    288.144   -213.465     17.822    -22.905    -54.360    -46.649
      3.890    287.912   -214.007     17.356    -23.414    -53.982    -46.680
      3.900    287.675   -214.545     16.889    -23.922    -53.604    -46.711
      3.910    287.434   -215.079     16.421    -24.429    -53.225    -46.741
      3.920    287.187   -215.609     15.954    -24.935    -52.846    -46.770
      3.930    286.935   -216.136     15.486    -25.440    -52.466    -46.798
      3.940    286.678   -216.658     15.018    -25.944    -52.086    -46.826
      3.950    286.416   -217.177     14.549    -26.448    -51.704    -46.852
      3.960    286.149   -217.693     14.081    -26.951    -51.323    -46.878
      3.970    285.877   -218.204     13.612    -27.453    -50.940    -46.903
      3.980    285.600   -218.711     13.143    -27.954    -50.557    -46.927
      3.990    285.318   -219.215     12.673    -28.454    -50.173    -46.950
      4.000    285.031   -219.715     12.204    -28.954    -49.788    -46.973
      4.010    284.739   -220.211     11.734    -29.453    -49.403    -46.994
      4.020    284.442   -220.703     11.264    -29.951    -49.017    -47.015
      4.030    284.140   -221.191     10.794    -30.449    -48.630    -47.035
      4.040    283.833   -221.676     10.323    -30.946    -48.243    -47.054
      4.050    283.521   -222.156      9.853    -31.442    -47.855    -47.072
      4.060    283.204   -222.633      9.382    -31.937    -47.466    -47.089
      4.070    282.882   -223.105      8.911    -32.432    -47.077    -47.106
      4.080    282.555   -223.574      8.440    -32.926    -46.686    -47.122
      4.090    282.224   -224.039      7.968    -33.420    -46.295    -47.137
      4.100    281.887   -224.500      7.497    -33.912    -45.903    -47.151
      4.110    281.545   -224.957      7.025    -34.404    -45.511    -47.164
      4.120    281.199   -225.410      6.554    -34.896    -45.117    -47.176
      4.130    280.848   -225.859      6.082    -35.387    -44.723    -47.188
      4.140    280.491   -226.305      5.610    -35.877    -44.328    -47.199
      4.150    280.130   -226.746      5.138    -36.367    -43.932    -47.209
      4.160    279.764   -227.183      4.666    -36.856    -43.536    -47.218
      4.170    279.393   -227.617      4.193    -37.345    -43.138    -47.226
      4.180    279.017   -228.046      3.721    -37.833    -42.740    -47.234
      4.190    278.636   -228.472      3.249    -38.320    -42.341    -47.240
      4.200    278.251   -228.893      2.776    -38.807    -41.941    -47.246
      4.210    277.860   -229.310      2.304    -39.294    -41.541    -47.251
      4.220    277.465   -229.724      1.831    -39.779    -41.139    -47.255
      4.230    277.064   -230.133      1.359    -40.265    -40.736    -47.258
      4.240    276.659   -230.538      0.886    -40.750    -40.333    -47.261
      4.250    276.250   -230.940      0.414    -41.234    -39.929    -47.262
      4.260    275.835   -231.337     -0.059    -41.718    -39.524    -47.263
      4.270    275.415   -231.730     -0.532    -42.201    -39.118    -47.262
      4.280    274.991   -232.119     -1.004    -42.684    -38.711    -47.260
      4.290    274.561   -232.504     -1.477    -43.167    -38.303    -47.258
      4.300    274.127   -232.885     -1.949    -43.649    -37.894    -47.254
      4.310    273.689   -233.262     -2.422    -44.130    -37.484    -47.250
      4.320    273.245   -233.635     -2.894    -44.611    -37.073    -47.245
      4.330    272.796   -234.004     -3.367    -45.092    -36.662    -47.238
      4.340    272.343   -234.368     -3.839    -45.572    -36.249    -47.232
      4.350    271.885   -234.729     -4.311    -46.052    -35.835    -47.224
      4.360    271.422   -235.085     -4.784    -46.532    -35.421    -47.215
      4.370    270.954   -235.437     -5.256    -47.011    -35.005    -47.206
      4.380    270.482   -235.785     -5.728    -47.489    -34.589    -47.196
      4.390    270.004   -236.129     -6.200    -47.968    -34.171    -47.184
      4.400    269.522   -236.469     -6.671    -48.446    -33.752    -47.172
      4.410    269.036   -236.804     -7.143    -48.923    -33.332    -47.160
      4.420    268.544   -237.135     -7.615    -49.401    -32.912    -47.146
      4.430    268.048   -237.462     -8.086    -49.878    -32.490    -47.131
      4.440    267.546   -237.785     -8.557    -50.354    -32.067    -47.116
      4.450    267.040   -238.104     -9.028    -50.831    -31.643    -47.100
      4.460    266.530   -238.418     -9.499    -51.307    -31.218    -47.083
      4.470    266.014   -238.728     -9.970    -51.782    -30.791    -47.065
      4.480    265.494   -239.034    -10.441    -52.258    -30.364    -47.046
      4.490    264.969   -239.335    -10.911    -52.733    -29.936    -47.026
      4.500    264.439   -239.632    -11.381    -53.208    -29.506    -47.005
      4.510    263.905   -239.925    -11.851    -53.682    -29.075    -46.984
      4.520    263.366   -240.214    -12.321    -54.157    -28.643    -46.962
      4.530    262.822   -240.498    -12.790    -54.631    -28.210    -46.938
      4.540    262.273   -240.778    -13.259    -55.105    -27.776    -46.914
      4.550    261.720   -241.054    -13.729    -55.578    -27.340    -46.889
      4.560    261.162   -241.325    -14.197    -56.052    -26.904    -46.863
      4.570    260.599   -241.592    -14.666    -56.525    -26.466    -46.837
      4.580    260.031   -241.854    -15.134    -56.998    -26.026    -46.809
      4.590    259.459   -242.112    -15.602    -57.471    -25.586    -46.780
      4.600    258.882   -242.366    -16.070    -57.944    -25.144    -46.751
      4.610    258.300   -242.615    -16.537    -58.416    -24.701    -46.721
      4.620    257.713   -242.860    -17.004    -58.888    -24.257    -46.689
      4.630    257.122   -243.100    -17.471    -59.360    -23.811    -46.657
      4.640    256.526   -243.336    -17.937    -59.832    -23.364    -46.624
      4.650    255.925   -243.568    -18.403    -60.304    -22.916    -46.590
      4.660    255.320   -243.794    -18.869    -60.776    -22.466    -46.555
      4.670    254.710   -244.017    -19.334    -61.247    -22.015    -46.519
      4.680    254.095   -244.235    -19.799    -61.719    -21.563    -46.482
      4.690    253.476   -244.448    -20.264    -62.190    -21.109    -46.444
      4.700    252.851   -244.657    -20.728    -62.661    -20.654    -46.406
      4.710    252.222   -244.861    -21.192    -63.132    -20.197    -46.366
      4.720    251.589   -245.061    -21.656    -63.603    -19.739    -46.325
      4.730    250.950   -245.256    -22.119    -64.074    -19.280    -46.283
      4.740    250.307   -245.446    -22.581    -64.545    -18.819    -46.241
      4.750    249.659   -245.632    -23.043    -65.016    -18.356    -46.197
      4.760    249.007   -245.814    -23.505    -65.487    -17.892    -46.153
      4.770    248.350   -245.990    -23.966    -65.957    -17.427    -46.107
      4.780    247.688   -246.162    -24.427    -66.428    -16.960    -46.061
      4.790    247.021   -246.329    -24.888    -66.899    -16.492    -46.013
      4.800    246.350   -246.492    -25.348    -67.369    -16.021    -45.965
      4.810    245.674   -246.650    -25.807    -67.840    -15.550    -45.915
      4.820    244.993   -246.803    -26.266    -68.310    -15.077    -45.864
      4.830    244.308   -246.951    -26.724    -68.781    -14.602    -45.813
      4.840    243.617   -247.095    -27.182    -69.252    -14.125    -45.760
      4.850    242.922   -247.234    -27.639    -69.722    -13.647    -45.707
      4.860    242.223   -247.368    -28.096    -70.193    -13.167    -45.652
      4.870    241.519   -247.497    -28.552    -70.663    -12.686    -45.596
      4.880    240.810   -247.622    -29.008    -71.134    -12.203    -45.539
      4.890    240.096   -247.741    -29.463    -71.605    -11.718    -45.481
      4.900    239.378   -247.856    -29.918    -72.076    -11.231    -45.422
      4.910    238.654   -247.966    -30.372    -72.547    -10.743    -45.362
      4.920    237.927   -248.071    -30.825    -73.018    -10.253    -45.301
      4.930    237.194   -248.171    -31.278    -73.489     -9.761    -45.239
      4.940    236.457   -248.266    -31.730    -73.960     -9.267    -45.176
      4.950    235.715   -248.356    -32.181    -74.431     -8.771    -45.111
      4.960    234.968   -248.441    -32.632    -74.902     -8.274    -45.046
      4.970    234.217   -248.522    -33.082    -75.374     -7.774    -44.979
      4.980    233.461   -248.597    -33.532    -75.845     -7.273    -44.911
      4.990    232.700   -248.667    -33.980    -76.317     -6.770    -44.842
      5.000    231.934   -248.732    -34.428    -76.789     -6.265    -44.772
      5.010    231.164   -248.792    -34.876    -77.261     -5.758    -44.701
      5.020    230.389   -248.847    -35.322    -77.733     -5.249    -44.628
      5.030    229.609   -248.897    -35.768    -78.205     -4.738    -44.555
      5.040    228.825   -248.942    -36.213    -78.677     -4.225    -44.480
      5.050    228.036   -248.982    -36.658    -79.150     -3.710    -44.404
      5.060    227.242   -249.016    -37.102    -79.623     -3.193    -44.326
      5.070    226.443   -249.046    -37.544    -80.096     -2.674    -44.248
      5.080    225.640   -249.070    -37.986    -80.569     -2.152    -44.168
      5.090    224.832   -249.089    -38.428    -81.042     -1.629    -44.087
      5.100    224.019   -249.102    -38.868    -81.516     -1.103    -44.005
      5.110    223.202   -249.111    -39.308    -81.990     -0.575    -43.921
      5.120    222.380   -249.114    -39.747    -82.464     -0.045    -43.837
      5.130    221.553   -249.112    -40.185    -82.938      0.487    -43.750
      5.140    220.721   -249.104    -40.622    -83.412      1.022    -43.663
      5.150    219.884   -249.091    -41.058    -83.887      1.558    -43.574
      5.160    219.043   -249.073    -41.493    -84.362      2.098    -43.484
      5.170    218.197   -249.049    -41.928    -84.837      2.639    -43.393
      5.180    217.346   -249.020    -42.361    -85.313      3.183    -43.300
      5.190    216.491   -248.986    -42.793    -85.789      3.729    -43.206
      5.200    215.631   -248.946    -43.225    -86.265      4.278    -43.111
      5.210    214.765   -248.900    -43.656    -86.741      4.829    -43.014
      5.220    213.896   -248.849    -44.085    -87.218      5.382    -42.915
      5.230    213.021   -248.792    -44.514    -87.695      5.938    -42.816
      5.240    212.142   -248.730    -44.942    -88.173      6.497    -42.714
      5.250    211.258   -248.662    -45.368    -88.650      7.058    -42.612
      5.260    210.369   -248.589    -45.794    -89.128      7.622    -42.508
      5.270    209.475   -248.510    -46.218    -89.607      8.189    -42.402
      5.280    208.577   -248.425    -46.642    -90.085      8.758    -42.295
      5.290    207.673   -248.335    -47.064    -90.565      9.329    -42.186
      5.300    206.765   -248.239    -47.486    -91.044      9.904    -42.076
      5.310    205.852   -248.137    -47.906    -91.524     10.481    -41.964
      5.320    204.935   -248.029    -48.325    -92.004     11.061    -41.851
      5.330    204.012   -247.915    -48.743    -92.485     11.644    -41.736
      5.340    203.085   -247.796    -49.160    -92.966     12.230    -41.620
      5.350    202.153   -247.671    -49.575    -93.447     12.818    -41.502
      5.360    201.216   -247.540    -49.990    -93.929     13.410    -41.382
      5.370    200.275   -247.403    -50.403    -94.411     14.004    -41.261
      5.380    199.328   -247.260    -50.815    -94.894     14.602    -41.138
      5.390    198.377   -247.111    -51.226    -95.377     15.202    -41.013
      5.400    197.420   -246.956    -51.635    -95.860     15.806    -40.886
      5.410    196.459   -246.794    -52.043    -96.344     16.412    -40.758
      5.420    195.494   -246.627    -52.450    -96.829     17.022    -40.628
      5.430    194.523   -246.454    -52.856    -97.314     17.635    -40.496
      5.440    193.547   -246.275    -53.260    -97.799     18.252    -40.363
      5.450    192.567   -246.089    -53.663    -98.285     18.871    -40.228
      5.460    191.582   -245.897    -54.065    -98.771     19.494    -40.090
      5.470    190.591   -245.699    -54.465    -99.258     20.120    -39.951
      5.480    189.596   -245.495    -54.864    -99.745     20.750    -39.810
      5.490    188.597   -245.284    -55.261   -100.233     21.383    -39.667
      5.500    187.592   -245.067    -55.657   -100.722     22.019    -39.522
      5.510    186.582   -244.844    -56.052   -101.210     22.659    -39.376
      5.520    185.568   -244.614    -56.445   -101.700     23.303    -39.227
      5.530    184.548   -244.378    -56.836   -102.190     23.950    -39.076
      5.540    183.524   -244.135    -57.226   -102.680     24.601    -38.923
      5.550    182.494   -243.885    -57.615   -103.171     25.256    -38.768
      5.560    181.460   -243.630    -58.001   -103.662     25.914    -38.611
      5.570    180.421   -243.367    -58.387   -104.155     26.576    -38.452
      5.580    179.377   -243.098    -58.770   -104.647     27.242    -38.291
      5.590    178.328   -242.822    -59.153   -105.140     27.912    -38.127
      5.600    177.274   -242.540    -59.533   -105.634     28.586    -37.961
      5.610    176.216   -242.251    -59.912   -106.129     29.264    -37.793
      5.620    175.152   -241.955    -60.289   -106.623     29.946    -37.623
      5.630    174.083   -241.652    -60.664   -107.119     30.632    -37.451
      5.640    173.009   -241.342    -61.038   -107.615     31.323    -37.276
      5.650    171.931   -241.025    -61.410   -108.112     32.017    -37.098
      5.660    170.847   -240.701    -61.780   -108.609     32.716    -36.919
      5.670    169.759   -240.371    -62.148   -109.107     33.420    -36.737
      5.680    168.665   -240.033    -62.515   -109.606     34.127    -36.552
      5.690    167.567   -239.688    -62.879   -110.105     34.840    -36.365
      5.700    166.463   -239.336    -63.242   -110.605     35.556    -36.175
      5.710    165.354   -238.977    -63.603   -111.105     36.278    -35.983
      5.720    164.241   -238.611    -63.961   -111.606     37.004    -35.788
      5.730    163.122   -238.237    -64.318   -112.108     37.734    -35.590
      5.740    161.999   -237.856    -64.673   -112.610     38.470    -35.390
      5.750    160.870   -237.468    -65.026   -113.113     39.210    -35.187
      5.760    159.736   -237.072    -65.377   -113.617     39.956    -34.981
      5.770    158.598   -236.668    -65.726   -114.121     40.706    -34.772
      5.780    157.454   -236.258    -66.072   -114.626     41.462    -34.561
      5.790    156.305   -235.839    -66.417   -115.131     42.223    -34.346
      5.800    155.151   -235.413    -66.759   -115.638     42.989    -34.128
      5.810    153.992   -234.979    -67.099   -116.145     43.760    -33.908
      5.820    152.829   -234.538    -67.437   -116.652     44.537    -33.684
      5.830    151.659   -234.089    -67.773   -117.160     45.319    -33.457
      5.840    150.485   -233.631    -68.107   -117.669     46.106    -33.227
      5.850    149.306   -233.166    -68.438   -118.179     46.900    -32.994
      5.860    148.122   -232.693    -68.766   -118.689     47.699    -32.758
      5.870    146.932   -232.212    -69.093   -119.200     48.504    -32.518
      5.880    145.738   -231.723    -69.417   -119.711     49.315    -32.275
      5.890    144.538   -231.226    -69.738   -120.224     50.132    -32.028
      5.900    143.333   -230.721    -70.057   -120.736     50.955    -31.778
      5.910    142.123   -230.207    -70.374   -121.250     51.784    -31.524
      5.920    140.908   -229.685    -70.688   -121.764     52.619    -31.266
      5.930    139.688   -229.155    -70.999   -122.279     53.461    -31.005
      5.940    138.463   -228.616    -71.308   -122.794     54.310    -30.740
      5.950    137.232   -228.068    -71.614   -123.310     55.164    -30.471
      5.960    135.996   -227.512    -71.917   -123.827     56.026    -30.199
      5.970    134.756   -226.948    -72.218   -124.345     56.895    -29.922
      5.980    133.510   -226.374    -72.516   -124.863     57.770    -29.641
      5.990    132.258   -225.792    -72.811   -125.381     58.652    -29.356
      6.000    131.002   -225.201    -73.103   -125.901     59.542    -29.067
      6.010    129.740   -224.601    -73.392   -126.420     60.439    -28.774
      6.020    128.474   -223.993    -73.678   -126.941     61.343    -28.476
      6.030    127.202   -223.375    -73.961   -127.462     62.255    -28.173
      6.040    125.924   -222.747    -74.242   -127.983     63.174    -27.867
      6.050    124.642   -222.111    -74.519   -128.506     64.101    -27.555
      6.060    123.354   -221.465    -74.793   -129.028     65.036    -27.239
      6.070    122.061   -220.810    -75.064   -129.552     65.979    -26.918
      6.080    120.763   -220.146    -75.331   -130.075     66.930    -26.592
      6.090    119.460   -219.472    -75.595   -130.600     67.890    -26.261
      6.100    118.151   -218.788    -75.856   -131.125     68.858    -25.925
      6.110    116.837   -218.094    -76.114   -131.650     69.834    -25.584
      6.120    115.518   -217.391    -76.368   -132.176     70.819    -25.238
      6.130    114.194   -216.678    -76.619   -132.702     71.814    -24.886
      6.140    112.864   -215.955    -76.866   -133.228     72.817    -24.528
      6.150    111.529   -215.222    -77.109   -133.755     73.829    -24.165
      6.160    110.189   -214.478    -77.349   -134.282     74.851    -23.796
      6.170    108.844   -213.725    -77.585   -134.810     75.883    -23.421
      6.180    107.493   -212.961    -77.817   -135.338     76.924    -23.040
      6.190    106.137   -212.186    -78.046   -135.866     77.975    -22.653
      6.200    104.775   -211.401    -78.270   -136.395     79.036    -22.260
      6.210    103.409   -210.605    -78.491   -136.923     80.108    -21.860
      6.220    102.037   -209.799    -78.708   -137.452     81.190    -21.454
      6.230    100.660   -208.981    -78.920   -137.981     82.283    -21.041
      6.240     99.277   -208.153    -79.128   -138.510     83.386    -20.621
      6.250     97.890   -207.314    -79.332   -139.039     84.501    -20.194
      6.260     96.497   -206.463    -79.532   -139.568     85.627    -19.760
      6.270     95.098   -205.601    -79.728   -140.097     86.764    -19.318
      6.280     93.695   -204.728    -79.918   -140.625     87.914    -18.869
      6.290     92.286   -203.843    -80.105   -141.154     89.075    -18.412
      6.300     90.872   -202.946    -80.287   -141.682     90.248    -17.948
      6.310     89.452   -202.038    -80.464   -142.210     91.434    -17.475
      6.320     88.027   -201.117    -80.636   -142.738     92.633    -16.994
      6.330     86.597   -200.185    -80.804   -143.265     93.845    -16.504
      6.340     85.162   -199.240    -80.966   -143.792     95.069    -16.006
      6.350     83.722   -198.283    -81.124   -144.318     96.308    -15.499
      6.360     82.276   -197.314    -81.276   -144.844     97.560    -14.983
      6.370     80.825   -196.332    -81.423   -145.368     98.826    -14.457
      6.380     79.368   -195.338    -81.565   -145.892    100.107    -13.922
      6.390     77.907   -194.330    -81.702   -146.415    101.402    -13.377
      6.400     76.440   -193.309    -81.833   -146.936    102.712    -12.822
      6.410     74.968   -192.276    -81.958   -147.457    104.038    -12.257
      6.420     73.491   -191.229    -82.078   -147.976    105.379    -11.681
      6.430     72.009   -190.168    -82.192   -148.494    106.736    -11.094
      6.440     70.521   -189.094    -82.300   -149.010    108.109    -10.495
      6.450     69.028   -188.006    -82.401   -149.524    109.499     -9.886
      6.460     67.531   -186.904    -82.497   -150.037    110.906     -9.264
      6.470     66.028   -185.788    -82.587   -150.547    112.331     -8.631
      6.480     64.520   -184.657    -82.670   -151.055    113.773     -7.985
      6.490     63.007   -183.512    -82.746   -151.561    115.233     -7.326
      6.500     61.488   -182.352    -82.816   -152.065    116.712     -6.653
      6.510     59.965   -181.178    -82.879   -152.565    118.211     -5.968
      6.520     58.437   -179.988    -82.936   -153.063    119.728     -5.268
      6.530     56.904   -178.783    -82.985   -153.557    121.266     -4.554
      6.540     55.366   -177.563    -83.027   -154.048    122.824     -3.825
      6.550     53.823   -176.326    -83.061   -154.535    124.402     -3.081
      6.560     52.275   -175.074    -83.088   -155.018    126.002     -2.321
      6.570     50.723   -173.806    -83.107   -155.497    127.624     -1.545
      6.580     49.165   -172.522    -83.119   -155.971    129.269     -0.753
      6.590     47.603   -171.221    -83.122   -156.441    130.936      0.057
      6.600     46.037   -169.903    -83.118   -156.905    132.627      0.884
      6.610     44.465   -168.568    -83.105   -157.363    134.342      1.730
      6.620     42.889   -167.216    -83.083   -157.816    136.081      2.595
      6.630     41.309   -165.846    -83.053   -158.262    137.846      3.479
      6.640     39.724   -164.459    -83.013   -158.701    139.637      4.383
      6.650     38.135   -163.054    -82.965   -159.133    141.454      5.308
      6.660     36.542   -161.630    -82.907   -159.557    143.298      6.254
      6.670     34.944   -160.187    -82.840   -159.973    145.170      7.222
      6.680     33.342   -158.726    -82.762   -160.380    147.071      8.214
      6.690     31.736   -157.246    -82.675   -160.778    149.001      9.229
      6.700     30.127   -155.746    -82.578   -161.165    150.961     10.268
      6.710     28.513   -154.226    -82.470   -161.542    152.952     11.333
      6.720     26.896   -152.687    -82.351   -161.907    154.975     12.424
      6.730     25.275   -151.127    -82.221   -162.260    157.030     13.542
      6.740     23.651   -149.546    -82.080   -162.600    159.118     14.688
      6.750     22.023   -147.944    -81.927   -162.926    161.241     15.863
      6.760     20.392   -146.321    -81.763   -163.237    163.399     17.069
      6.770     18.758   -144.676    -81.586   -163.532    165.592     18.305
      6.780     17.122   -143.009    -81.396   -163.810    167.823     19.575
      6.790     15.482   -141.319    -81.194   -164.070    170.091     20.878
      6.800     13.840   -139.607    -80.979   -164.311    172.398     22.215
      6.810     12.196   -137.871    -80.750   -164.531    174.745     23.589
      6.820     10.550   -136.112    -80.507   -164.729    177.133     25.001
      6.830      8.902   -134.328    -80.249   -164.904    179.563     26.452
      6.840      7.252   -132.520    -79.977   -165.054    182.036     27.944
      6.850      5.601   -130.688    -79.690   -165.177    184.553     29.478
      6.860      3.949   -128.829    -79.388   -165.271    187.115     31.056
      6.870      2.296   -126.945    -79.069   -165.335    189.724     32.680
      6.880      0.642   -125.034    -78.734   -165.366    192.381     34.351
      6.890     -1.012   -123.097    -78.382   -165.362    195.086     36.072
      6.900     -2.665   -121.132    -78.012   -165.320    197.841     37.845
      6.910     -4.318   -119.140    -77.624   -165.239    200.647     39.671
      6.920     -5.970   -117.119    -77.218   -165.114    203.506     41.554
      6.930     -7.620   -115.070    -76.793   -164.944    206.418     43.495
      6.940     -9.268   -112.991    -76.348   -164.724    209.385     45.496
      6.950    -10.914   -110.882    -75.883   -164.452    212.407     47.562
      6.960    -12.557   -108.742    -75.397   -164.122    215.486     49.693
      6.970    -14.196   -106.572    -74.889   -163.733    218.623     51.894
      6.980    -15.831   -104.369    -74.358   -163.278    221.819     54.167
      6.990    -17.461   -102.135    -73.805   -162.753    225.075     56.514
      7.000    -19.086    -99.868    -73.228   -162.153    228.391     58.941
      7.010    -20.704    -97.567    -72.626   -161.472    231.769     61.449
      7.020    -22.315    -95.232    -71.998   -160.705    235.208     64.042
      7.030    -23.918    -92.862    -71.344   -159.844    238.709     66.725
      7.040    -25.511    -90.457    -70.663   -158.884    242.272     69.500
      7.050    -27.095    -88.017    -69.954   -157.815    245.897     72.372
      7.060    -28.667    -85.539    -69.215   -156.631    249.584     75.345
      7.070    -30.227    -83.025    -68.447   -155.321    253.331     78.422
      7.080    -31.773    -80.472    -67.646   -153.878    257.137     81.609
      7.090    -33.304    -77.882    -66.814   -152.290    261.001     84.909
      7.100    -34.818    -75.252    -65.948   -150.547    264.920     88.326
      7.110    -36.314    -72.583    -65.047   -148.636    268.890     91.866
      7.120    -37.790    -69.874    -64.110   -146.546    272.908     95.531
      7.130    -39.244    -67.125    -63.135   -144.263    276.970     99.327
      7.140    -40.674    -64.334    -62.122   -141.771    281.068    103.257
      7.150    -42.078    -61.503    -61.070   -139.057    285.195    107.324
      7.160    -43.454    -58.630    -59.975   -136.103    289.344    111.533
      7.170    -44.799    -55.716    -58.838   -132.893    293.503    115.884
      7.180    -46.110    -52.760    -57.657   -129.409    297.661    120.381
      7.190    -47.385    -49.763    -56.430   -125.631    301.803    125.024
      7.200    -48.621    -46.724    -55.156   -121.541    305.914    129.813
      7.210    -49.815    -43.645    -53.833   -117.120    309.973    134.746
      7.220    -50.962    -40.525    -52.460   -112.347    313.960    139.820
      7.230    -52.060    -37.366    -51.036   -107.202    317.849    145.031
      7.240    -53.104    -34.169    -49.559   -101.668    321.614    150.370
      7.250    -54.091    -30.935    -48.028    -95.726    325.222    155.827
      7.260    -55.016    -27.665    -46.442    -89.360    328.641    161.389
      7.270    -55.876    -24.363    -44.800    -82.558    331.833    167.040
      7.280    -56.665    -21.030    -43.101    -75.308    334.757    172.759
      7.290    -57.380    -17.669    -41.344    -67.606    337.371    178.522
      7.300    -58.015    -14.284    -39.530    -59.452    339.628    184.301
      7.310    -58.567    -10.879    -37.658    -50.852    341.485    190.062
      7.320    -59.030     -7.457    -35.729    -41.819    342.893    195.769
      7.330    -59.401     -4.024    -33.743    -32.376    343.809    201.382
      7.340    -59.676     -0.584    -31.702    -22.553    344.189    206.857
      7.350    -59.850      2.857    -29.607    -12.391    343.995    212.150
      7.360    -59.922      6.293    -27.460     -1.939    343.197    217.213
      7.370    -59.888      9.718    -25.264      8.745    341.769    222.000
      7.380    -59.746     13.126    -23.022     19.595    339.697    226.466
      7.390    -59.496     16.509    -20.737     30.540    336.977    230.572
      7.400    -59.135     19.862    -18.412     41.504    333.616    234.281
      7.410    -58.666     23.178    -16.053     52.408    329.632    237.563
      7.420    -58.088     26.452    -13.663     63.176    325.054    240.395
      7.430    -57.403     29.676    -11.248     73.734    319.923    242.764
      7.440    -56.615     32.847     -8.811     84.014    314.286    244.662
      7.450    -55.725     35.960     -6.357     93.954    308.198    246.093
      7.460    -54.738     39.009     -3.891    103.502    301.718    247.065
      7.470    -53.657     41.993     -1.418    112.614    294.909    247.591
      7.480    -52.488     44.906      1.058    121.257    287.833    247.635
      7.490    -51.234     47.748      3.533    129.399    280.559    247.202
      7.500    -49.902     50.517      6.001    137.027    273.148    246.410
      7.510    -48.496     53.211      8.459    144.137    265.653    245.295
      7.520    -47.022     55.830     10.905    150.734    258.122    243.891
      7.530    -45.484     58.373     13.336    156.829    250.598    242.232
      7.540    -43.888     60.842     15.749    162.436    243.119    240.348
      7.550    -42.238     63.236     18.142    167.574    235.716    238.271
      7.560    -40.539     65.557     20.513    172.265    228.417    236.028
      7.570    -38.795     67.805     22.862    176.533    221.243    233.646
      7.580    -37.010     69.982     25.186    180.401    214.213    231.149
      7.590    -35.189     72.090     27.484    183.894    207.339    228.557
      7.600    -33.334     74.130     29.756    187.037    200.632    225.891
      7.610    -31.449     76.104     32.002    189.854    194.099    223.168
      7.620    -29.538     78.013     34.220    192.369    187.745    220.402
      7.630    -27.603     79.859     36.410    194.603    181.573    217.608
      7.640    -25.648     81.645     38.572    196.577    175.583    214.795
      7.650    -23.673     83.372     40.705    198.313    169.775    211.976
      7.660    -21.682     85.042     42.811    199.829    164.147    209.157
      7.670    -19.678     86.656     44.889    201.142    158.697    206.347
      7.680    -17.661     88.216     46.938    202.269    153.420    203.551
      7.690    -15.633     89.725     48.960    203.224    148.313    200.775
      7.700    -13.597     91.183     50.954    204.023    143.371    198.024
      7.710    -11.553     92.593     52.920    204.677    138.590    195.301
      7.720     -9.504     93.956     54.860    205.199    133.964    192.608
      7.730     -7.450     95.273     56.773    205.600    129.488    189.949
      7.740     -5.392     96.546     58.659    205.890    125.158    187.325
      7.750     -3.333     97.777     60.519    206.078    120.968    184.739
      7.760     -1.271     98.967     62.354    206.173    116.913    182.190
      7.770      0.790    100.116     64.163    206.183    112.987    179.680
      7.780      2.852    101.227     65.948    206.114    109.187    177.209
      7.790      4.912    102.300     67.708    205.973    105.506    174.778
      7.800      6.971    103.338     69.444    205.767    101.941    172.387
      7.810      9.027    104.340     71.156    205.501     98.487    170.036
      7.820     11.081    105.308     72.844    205.180     95.139    167.725
      7.830     13.131    106.243     74.510    204.809     91.894    165.452
      7.840     15.177    107.146     76.154    204.391     88.747    163.219
      7.850     17.218    108.018     77.775    203.932     85.694    161.025
      7.860     19.255    108.861     79.374    203.434     82.732    158.868
      7.870     21.287    109.673     80.952    202.900     79.857    156.749
      7.880     23.313    110.458     82.510    202.335     77.065    154.666
      7.890     25.333    111.215     84.046    201.740     74.354    152.620
      7.900     27.348    111.946     85.562    201.118     71.720    150.609
      7.910     29.356    112.650     87.058    200.471     69.159    148.633
      7.920     31.357    113.329     88.535    199.803     66.671    146.691
      7.930     33.352    113.984     89.992    199.114     64.250    144.782
      7.940     35.339    114.614     91.431    198.406     61.896    142.906
      7.950     37.320    115.222     92.851    197.682     59.605    141.062
      7.960     39.293    115.807     94.252    196.942     57.375    139.249
      7.970     41.258    116.370     95.636    196.189     55.203    137.466
      7.980     43.216    116.911     97.002    195.423     53.088    135.713
      7.990     45.167    117.432     98.350    194.646     51.028    133.990
      8.000     47.109    117.932     99.682    193.859     49.020    132.294
      8.010     49.044    118.412    100.996    193.063     47.063    130.626
      8.020     50.971    118.874    102.294    192.258     45.154    128.985
      8.030     52.889    119.316    103.576    191.446     43.293    127.370
      8.040     54.799    119.740    104.842    190.628     41.476    125.782
      8.050     56.702    120.146    106.092    189.804     39.704    124.218
      8.060     58.595    120.534    107.326    188.975     37.974    122.678
      8.070     60.481    120.905    108.545    188.142     36.284    121.163
      8.080     62.358    121.260    109.750    187.305     34.634    119.671
      8.090     64.227    121.598    110.939    186.465     33.022    118.201
      8.100     66.088    121.920    112.114    185.622     31.447    116.754
      8.110     67.940    122.227    113.274    184.777     29.907    115.328
      8.120     69.783    122.519    114.420    183.930     28.402    113.923
      8.130     71.618    122.795    115.553    183.082     26.930    112.539
      8.140     73.445    123.057    116.671    182.232     25.491    111.175
      8.150     75.263    123.305    117.776    181.382     24.082    109.831
      8.160     77.072    123.539    118.868    180.532     22.704    108.506
      8.170     78.873    123.760    119.947    179.681     21.355    107.200
      8.180     80.666    123.967    121.012    178.831     20.035    105.911
      8.190     82.450    124.160    122.065    177.981     18.742    104.641
      8.200     84.226    124.342    123.105    177.131     17.476    103.388
      8.210     85.993    124.510    124.133    176.283     16.235    102.152
      8.220     87.751    124.666    125.148    175.435     15.020    100.933
      8.230     89.501    124.811    126.151    174.589     13.829     99.730
      8.240     91.243    124.943    127.143    173.744     12.661     98.543
      8.250     92.976    125.064    128.122    172.901     11.517     97.371
      8.260     94.701    125.173    129.090    172.059     10.395     96.214
      8.270     96.417    125.272    130.047    171.219      9.294     95.073
      8.280     98.125    125.359    130.992    170.382      8.215     93.945
      8.290     99.825    125.436    131.926    169.546      7.156     92.832
      8.300    101.516    125.503    132.849    168.712      6.116     91.733
      8.310    103.199    125.559    133.760    167.880      5.097     90.647
      8.320    104.874    125.605    134.662    167.051      4.096     89.575
      8.330    106.540    125.641    135.552    166.224      3.113     88.515
      8.340    108.199    125.667    136.432    165.400      2.148     87.468
      8.350    109.848    125.684    137.301    164.578      1.201     86.434
      8.360    111.490    125.691    138.161    163.758      0.270     85.412
      8.370    113.124    125.689    139.010    162.941     -0.644     84.401
      8.380    114.749    125.678    139.849    162.127     -1.542     83.402
      8.390    116.366    125.659    140.678    161.316     -2.425     82.415
      8.400    117.975    125.630    141.497    160.507     -3.292     81.438
      8.410    119.576    125.593    142.307    159.701     -4.145     80.473
      8.420    121.169    125.547    143.107    158.897     -4.983     79.518
      8.430    122.754    125.493    143.897    158.097     -5.807     78.574
      8.440    124.331    125.431    144.678    157.299     -6.617     77.640
      8.450    125.900    125.361    145.450    156.504     -7.414     76.716
      8.460    127.461    125.283    146.213    155.712     -8.197     75.802
      8.470    129.015    125.197    146.966    154.922     -8.968     74.898
      8.480    130.560    125.104    147.711    154.136     -9.727     74.003
      8.490    132.097    125.003    148.446    153.352    -10.473     73.117
      8.500    133.627    124.894    149.173    152.572    -11.207     72.241
      8.510    135.149    124.778    149.891    151.794    -11.930     71.373
      8.520    136.663    124.656    150.600    151.018    -12.641     70.514
      8.530    138.169    124.526    151.301    150.246    -13.341     69.664
      8.540    139.668    124.389    151.994    149.477    -14.031     68.822
      8.550    141.159    124.245    152.678    148.710    -14.709     67.989
      8.560    142.642    124.095    153.354    147.946    -15.378     67.163
      8.570    144.118    123.938    154.021    147.185    -16.036     66.346
      8.580    145.586    123.774    154.681    146.427    -16.684     65.536
      8.590    147.046    123.604    155.332    145.672    -17.323     64.734
      8.600    148.499    123.428    155.975    144.919    -17.952     63.940
      8.610    149.945    123.245    156.611    144.169    -18.572     63.153
      8.620    151.382    123.056    157.238    143.422    -19.182     62.373
      8.630    152.813    122.861    157.858    142.678    -19.784     61.600
      8.640    154.236    122.661    158.470    141.936    -20.377     60.835
      8.650    155.652    122.454    159.075    141.197    -20.962     60.076
      8.660    157.060    122.241    159.672    140.461    -21.538     59.324
      8.670    158.461    122.023    160.261    139.728    -22.106     58.579
      8.680    159.855    121.799    160.844    138.997    -22.665     57.840
      8.690    161.241    121.570    161.418    138.268    -23.217     57.107
      8.700    162.620    121.335    161.986    137.543    -23.762     56.381
      8.710    163.992    121.095    162.546    136.820    -24.298     55.661
      8.720    165.356    120.849    163.099    136.099    -24.828     54.947
      8.730    166.714    120.598    163.645    135.381    -25.350     54.239
      8.740    168.064    120.342    164.184    134.666    -25.865     53.537
      8.750    169.407    120.081    164.716    133.953    -26.373     52.841
      8.760    170.743    119.815    165.241    133.242    -26.874     52.151
      8.770    172.072    119.543    165.759    132.534    -27.368     51.466
      8.780    173.394    119.267    166.270    131.829    -27.856     50.786
      8.790    174.709    118.986    166.775    131.126    -28.337     50.112
      8.800    176.016    118.701    167.272    130.425    -28.812     49.443
      8.810    177.317    118.410    167.763    129.727    -29.280     48.780
      8.820    178.611    118.115    168.248    129.031    -29.743     48.122
      8.830    179.898    117.815    168.726    128.337    -30.199     47.468
      8.840    181.178    117.511    169.197    127.646    -30.650     46.820
      8.850    182.451    117.202    169.662    126.957    -31.095     46.177
      8.860    183.717    116.889    170.121    126.270    -31.534     45.538
      8.870    184.976    116.572    170.573    125.586    -31.967     44.905
      8.880    186.228    116.250    171.019    124.903    -32.395     44.276
      8.890    187.474    115.924    171.459    124.223    -32.817     43.651
      8.900    188.713    115.594    171.892    123.545    -33.235     43.031
      8.910    189.945    115.259    172.319    122.870    -33.647     42.416
      8.920    191.170    114.921    172.740    122.196    -34.053     41.805
      8.930    192.389    114.578    173.155    121.525    -34.455     41.198
      8.940    193.601    114.232    173.564    120.855    -34.852     40.596
      8.950    194.806    113.881    173.967    120.188    -35.244     39.998
      8.960    196.005    113.527    174.364    119.523    -35.631     39.403
      8.970    197.197    113.169    174.755    118.860    -36.013     38.813
      8.980    198.382    112.807    175.141    118.198    -36.391     38.228
      8.990    199.561    112.441    175.520    117.539    -36.764     37.646
      9.000    200.733    112.071    175.894    116.882    -37.133     37.067
      9.010    201.898    111.698    176.261    116.227    -37.497     36.493
      9.020    203.057    111.321    176.623    115.573    -37.857     35.923
      9.030    204.210    110.941    176.980    114.922    -38.212     35.356
      9.040    205.356    110.557    177.331    114.272    -38.564     34.793
      9.050    206.495    110.170    177.676    113.624    -38.911     34.234
      9.060    207.628    109.779    178.015    112.978    -39.254     33.678
      9.070    208.755    109.385    178.349    112.334    -39.593     33.126
      9.080    209.875    108.987    178.678    111.692    -39.928     32.577
      9.090    210.989    108.586    179.001    111.051    -40.259     32.031
      9.100    212.096    108.182    179.318    110.413    -40.586     31.489
      9.110    213.197    107.774    179.631    109.776    -40.910     30.951
      9.120    214.291    107.364    179.937    109.140    -41.230     30.415
      9.130    215.380    106.950    180.239    108.507    -41.546     29.883
      9.140    216.461    106.533    180.535    107.875    -41.858     29.354
      9.150    217.537    106.113    180.826    107.245    -42.167     28.829
      9.160    218.606    105.690    181.112    106.616    -42.472     28.306
      9.170    219.669    105.263    181.392    105.989    -42.774     27.786
      9.180    220.726    104.834    181.667    105.363    -43.072     27.270
      9.190    221.777    104.402    181.938    104.740    -43.367     26.756
      9.200    222.821    103.967    182.203    104.117    -43.659     26.246
      9.210    223.859    103.529    182.463    103.496    -43.947     25.738
      9.220    224.891    103.088    182.717    102.877    -44.232     25.233
      9.230    225.917    102.644    182.967    102.260    -44.514     24.731
      9.240    226.936    102.198    183.212    101.643    -44.793     24.232
      9.250    227.949    101.748    183.452    101.029    -45.069     23.736
      9.260    228.957    101.296    183.687    100.415    -45.341     23.242
      9.270    229.958    100.841    183.917     99.803    -45.611     22.751
      9.280    230.953    100.384    184.142     99.193    -45.877     22.263
      9.290    231.942     99.924    184.362     98.584    -46.141     21.777
      9.300    232.924     99.461    184.577     97.976    -46.402     21.294
      9.310    233.901     98.996    184.788     97.370    -46.659     20.813
      9.320    234.872     98.528    184.994     96.765    -46.914     20.335
      9.330    235.836     98.058    185.195     96.161    -47.166     19.859
      9.340    236.795     97.585    185.391     95.559    -47.416     19.386
      9.350    237.748     97.109    185.582     94.958    -47.662     18.916
      9.360    238.694     96.631    185.769     94.358    -47.906     18.447
      9.370    239.635     96.151    185.951     93.759    -48.147     17.981
      9.380    240.569     95.669    186.129     93.162    -48.386     17.518
      9.390    241.498     95.183    186.302     92.566    -48.622     17.056
      9.400    242.421     94.696    186.470     91.971    -48.855     16.597
      9.410    243.337     94.206    186.634     91.377    -49.086     16.140
      9.420    244.248     93.714    186.793     90.785    -49.315     15.686
      9.430    245.153     93.220    186.947     90.193    -49.541     15.234
      9.440    246.052     92.724    187.097     89.603    -49.764     14.783
      9.450    246.945     92.225    187.243     89.014    -49.985     14.335
      9.460    247.832     91.724    187.384     88.426    -50.204     13.889
      9.470    248.714     91.221    187.521     87.839    -50.420     13.445
      9.480    249.589     90.715    187.653     87.254    -50.634     13.004
      9.490    250.459     90.208    187.781     86.669    -50.845     12.564
      9.500    251.323     89.699    187.904     86.085    -51.054     12.126
      9.510    252.181     89.187    188.023     85.503    -51.261     11.690
      9.520    253.033     88.673    188.138     84.921    -51.466     11.257
      9.530    253.879     88.158    188.249     84.340    -51.669     10.825
      9.540    254.719     87.640    188.355     83.761    -51.869     10.395
      9.550    255.554     87.120    188.456     83.182    -52.067      9.967
      9.560    256.383     86.599    188.554     82.604    -52.263      9.541
      9.570    257.206     86.075    188.647     82.028    -52.457      9.116
      9.580    258.024     85.550    188.736     81.452    -52.649      8.694
      9.590    258.835     85.022    188.821     80.877    -52.839      8.273
      9.600    259.641     84.493    188.902     80.303    -53.026      7.854
      9.610    260.441     83.962    188.978     79.730    -53.212      7.437
      9.620    261.236     83.429    189.051     79.158    -53.396      7.022
      9.630    262.025     82.894    189.119     78.586    -53.577      6.608
      9.640    262.808     82.357    189.183     78.016    -53.757      6.196
      9.650    263.585     81.819    189.243     77.446    -53.935      5.786
      9.660    264.357     81.278    189.298     76.877    -54.110      5.378
      9.670    265.122     80.736    189.350     76.309    -54.284      4.971
      9.680    265.883     80.193    189.398     75.742    -54.456      4.565
      9.690    266.637     79.647    189.442     75.176    -54.626      4.162
      9.700    267.386     79.100    189.481     74.610    -54.794      3.760
      9.710    268.130     78.551    189.517     74.045    -54.960      3.359
      9.720    268.867     78.001    189.548     73.481    -55.125      2.960
      9.730    269.599     77.449    189.576     72.917    -55.288      2.563
      9.740    270.325     76.895    189.600     72.355    -55.449      2.167
      9.750    271.046     76.340    189.619     71.793    -55.608      1.772
      9.760    271.761     75.783    189.635     71.231    -55.765      1.379
      9.770    272.471     75.225    189.647     70.671    -55.920      0.988
      9.780    273.175     74.665    189.655     70.110    -56.074      0.598
      9.790    273.873     74.103    189.659     69.551    -56.226      0.210
      9.800    274.566     73.540    189.659     68.992    -56.377     -0.178
      9.810    275.253     72.976    189.655     68.434    -56.526     -0.563
      9.820    275.934     72.410    189.648     67.877    -56.673     -0.948
      9.830    276.610     71.842    189.636     67.320    -56.818     -1.331
      9.840    277.281     71.273    189.621     66.763    -56.962     -1.712
      9.850    277.946     70.703    189.602     66.208    -57.104     -2.092
      9.860    278.605     70.131    189.579     65.652    -57.244     -2.471
      9.870    279.259     69.558    189.553     65.098    -57.383     -2.849
      9.880    279.907     68.984    189.522     64.544    -57.521     -3.225
      9.890    280.550     68.408    189.488     63.990    -57.656     -3.600
      9.900    281.187     67.830    189.450     63.437    -57.790     -3.974
      9.910    281.818     67.252    189.409     62.884    -57.923     -4.346
      9.920    282.444     66.672    189.363     62.332    -58.054     -4.718
      9.930    283.065     66.091    189.314     61.781    -58.184     -5.088
      9.940    283.680     65.508    189.262     61.230    -58.312     -5.456
      9.950    284.290     64.925    189.205     60.679    -58.438     -5.824
      9.960    284.894     64.340    189.145     60.129    -58.563     -6.190
      9.970    285.492     63.753    189.081     59.579    -58.686     -6.556
      9.980    286.085     63.166    189.014     59.030    -58.808     -6.920
      9.990    286.673     62.577    188.943     58.481    -58.929     -7.282
     10.000    287.255     61.987    188.868     57.932    -59.048     -7.644
     10.010    287.831     61.396    188.790     57.384    -59.166     -8.005
