#         t          x          y          z         vx         vy         vz
      0.000   -476.240    491.430   -412.430     44.340    101.220    141.390
      0.071   -472.950    498.960   -402.000     50.120    107.170    147.800
      0.143   -469.240    506.760   -391.400     58.020    111.730    151.010
      0.214   -465.000    515.040   -380.280     63.630    116.210    160.090
      0.286   -460.160    523.500   -368.470     72.270    124.960    171.100
      0.357   -454.600    532.640   -355.770     82.680    129.030    183.840
      0.429   -448.070    541.950   -342.360     94.750    133.400    191.160
      0.500   -440.870    551.420   -328.540    107.370    134.080    200.580
      0.571   -432.430    561.150   -313.900    130.800    138.140    212.260
      0.643   -422.350    570.890   -298.280    153.990    135.580    225.420
      0.714   -410.480    580.360   -281.690    178.990    127.220    236.460
      0.786   -396.660    588.870   -264.610    206.310    112.790    241.550
      0.857   -380.890    596.270   -247.150    237.720     93.210    246.680
      0.929   -362.750    601.810   -229.360    265.180     60.810    247.720
      1.000   -343.150    605.090   -212.140    279.320     31.320    237.270
      1.071   -323.070    606.310   -195.680    286.860      1.920    220.580
      1.143   -302.660    605.500   -180.480    286.500    -25.060    204.070
      1.214   -282.300    602.770   -166.520    281.220    -52.080    188.090
      1.286   -262.570    598.370   -153.540    273.300    -68.560    176.580
      1.357   -243.370    592.950   -141.400    263.400    -81.620    163.820
      1.429   -224.780    586.590   -130.120    255.680    -97.030    149.650
      1.500   -206.950    579.260   -119.870    243.950   -107.290    138.180
      1.571   -189.870    571.290   -110.330    236.130   -116.020    129.740
      1.643   -173.320    562.780   -101.470    226.570   -121.630    120.480
      1.714   -157.460    553.800    -93.080    217.750   -131.120    113.580
      1.786   -142.220    544.260    -85.330    208.030   -135.620    104.700
      1.857   -127.690    534.380    -78.130    200.150   -142.040     97.210
      1.929   -113.710    524.070    -71.440    191.400   -147.290     90.740
      2.000   -100.330    513.270    -65.180    183.370   -154.000     85.250
      2.071    -87.650    502.060    -59.300    171.790   -157.810     79.140
      2.143    -75.610    490.790    -53.850    167.740   -158.290     72.690
      2.214    -64.010    479.350    -48.910    156.480   -162.070     68.070
      2.286    -53.000    467.620    -44.160    151.550   -165.820     63.750
      2.357    -42.380    455.620    -39.850    145.210   -169.640     58.700
      2.429    -32.340    443.380    -35.710    136.430   -171.140     56.450
      2.500    -23.090    431.110    -31.740    125.530   -175.880     53.640
      2.571    -14.360    418.430    -28.160    117.840   -179.970     45.560
      2.643     -6.220    405.460    -24.940    109.840   -185.200     43.790
      2.714      1.380    392.090    -21.980    103.000   -186.630     37.940
      2.786      8.570    378.740    -19.460     98.370   -189.840     33.840
      2.857     15.190    364.900    -17.100     88.120   -196.560     29.940
      2.929     20.970    350.750    -15.010     77.680   -200.240     25.220
      3.000     26.210    336.340    -13.360     68.530   -203.590     22.210
      3.071     30.760    321.630    -11.840     57.250   -208.830     18.710
      3.143     34.550    306.560    -10.610     47.660   -213.640     15.190
      3.214     37.590    291.160     -9.790     36.070   -218.620      8.850
      3.286     39.550    275.340     -9.460     21.470   -222.900      3.880
      3.357     40.450    259.280     -9.320      5.770   -227.880     -0.200
      3.429     40.090    242.860     -9.490    -13.890   -231.290     -6.230
      3.500     38.430    226.070    -10.290    -31.270   -237.890    -13.840
      3.571     35.470    208.830    -11.440    -53.650   -244.330    -20.130
      3.643     30.840    191.180    -13.310    -79.500   -246.340    -32.970
      3.714     23.910    173.660    -16.030   -114.540   -243.020    -43.370
      3.786     14.530    156.630    -19.660   -151.500   -232.330    -56.600
      3.857      2.450    140.770    -24.260   -187.640   -210.100    -71.500
      3.929    -12.010    126.670    -29.660   -220.870   -179.010    -81.120
      4.000    -28.710    115.660    -35.720   -247.190   -128.840    -83.960
      4.071    -46.980    108.390    -41.630   -257.500    -70.840    -79.290
      4.143    -65.250    105.740    -46.980   -250.200     -2.360    -66.310
      4.214    -82.120    108.180    -50.990   -219.180     67.860    -48.810
      4.286    -96.080    115.230    -53.680   -166.610    123.500    -28.270
      4.357   -105.730    125.330    -54.950   -104.260    155.200     -8.280
      4.429   -111.070    137.020    -55.000    -46.970    168.810      6.280
      4.500   -112.630    149.090    -54.140      0.820    169.320     15.440
      4.571   -111.130    161.080    -52.670     39.010    165.360     24.920
      4.643   -107.070    172.680    -50.610     71.910    159.840     30.780
      4.714   -100.860    183.850    -48.130    101.170    152.990     37.860
      4.786    -92.720    194.500    -45.030    126.420    145.490     48.050
      4.857    -82.940    204.580    -41.140    148.250    137.460     59.900
      4.929    -71.660    214.240    -36.420    166.520    130.370     71.920
      5.000    -59.110    223.240    -30.840    184.410    124.290     86.350
      5.071    -45.330    232.070    -24.000    205.120    120.900    106.310
      5.143    -29.840    240.420    -15.130    230.990    114.240    145.200
      5.214    -12.470    247.760     -2.550    255.230     86.230    213.510
      5.286      5.470    250.980     15.350    232.340     -5.270    277.390
      5.357     20.170    247.520     34.810    180.130    -80.520    258.780
      5.429     31.590    240.430     51.990    142.400   -112.760    221.220
      5.500     40.750    231.690     66.500    117.410   -131.980    184.250
      5.571     48.490    222.020     78.470     95.560   -142.060    155.190
      5.643     54.860    211.580     88.610     78.700   -150.090    126.500
      5.714     59.320    200.360     96.760     62.780   -158.390    104.210
      5.786     63.430    188.940    103.460     48.880   -161.830     81.560
      5.857     66.550    177.180    108.490     33.970   -168.730     59.140
      5.929     68.570    165.190    111.860     19.940   -166.910     36.070
      6.000     69.640    153.190    113.570      8.680   -168.460     10.210
      6.071     70.400    141.420    114.100     -2.970   -165.060    -11.120
      6.143     69.490    129.730    112.350    -19.250   -161.020    -37.100
      6.214     67.120    118.320    108.200    -31.110   -153.960    -64.830
      6.286     64.350    107.720    102.320    -48.440   -141.630    -97.820
      6.357     60.450     98.100     94.130    -63.420   -125.300   -129.780
      6.429     55.380     89.940     83.690    -75.760   -103.070   -164.910
      6.500     49.360     83.650     70.860    -90.320    -72.270   -196.920
      6.571     42.410     80.100     55.670   -102.800    -25.680   -229.880
      6.643        nan        nan        nan        nan        nan        nan
      6.714     27.170     85.640     19.970   -100.240    115.020   -253.540
      6.786     20.790     96.560      2.890    -75.440    185.510   -216.830
      6.857     16.690    111.380    -10.460    -39.940    224.770   -152.320
      6.929     14.970    127.810    -18.960     -9.670    230.230    -88.210
      7.000     15.440    143.820    -23.410     20.340    216.280    -36.810
      7.071     17.600    158.470    -24.620     40.140    195.120      3.550
      7.143     21.000    171.570    -23.320     55.440    171.560     35.760
      7.214     25.310    182.830    -19.830     65.340    145.710     62.910
      7.286     30.350    192.300    -14.420     77.330    120.300     86.570
      7.357     36.260    199.840     -7.640     85.800     90.110    104.550
      7.429     42.640    205.340      0.300     93.560     64.990    122.890
      7.500     49.510    208.880      9.530     99.400     33.360    134.090
      7.571     56.750    210.160     19.440    103.310      2.620    143.310
      7.643     64.100    209.200     30.040    102.180    -29.720    153.220
      7.714     71.470    205.910     41.360    102.590    -64.380    161.550
      7.786     78.850    200.100     53.030    105.370   -101.070    163.990
      7.857     86.260    191.560     64.680    101.890   -139.690    161.940
      7.929     93.580    179.880     76.080     97.520   -186.360    155.870
      8.000    100.250    165.010     86.880     89.600   -231.870    143.540
      8.071    106.040    146.540     96.290     70.660   -283.510    116.220
      8.143    110.310    124.700    102.990     45.920   -328.090     67.360
      8.214    112.310    100.260    105.320      8.820   -351.910     -6.100
      8.286    111.400     75.570    101.960    -35.770   -328.450    -88.700
      8.357        nan        nan        nan        nan        nan        nan
      8.429    101.680     38.200     81.250    -85.140   -187.640   -180.430
      8.500     95.570     27.540     68.330    -86.810   -115.520   -183.030
      8.571     89.560     21.700     55.630    -82.220    -50.740   -173.220
      8.643     84.130     19.770     44.000    -75.300     -3.340   -152.280
      8.714     79.330     20.980     34.060    -58.050     36.500   -125.470
      8.786     75.760     24.880     26.150    -40.730     69.580    -97.280
      8.857     73.680     30.810     20.320    -22.380     95.170    -65.910
      8.929     72.890     38.440     17.000     -2.400    115.850    -31.360
      9.000     73.300     47.290     16.000     17.370    131.290      4.060
      9.071     75.240     57.010     17.530     38.610    140.850     41.210
      9.143     78.720     67.200     21.750     61.940    144.940     83.970
      9.214     83.850     77.370     29.310     85.360    140.410    127.230
      9.286     91.030     87.020     40.160    115.440    128.000    176.260
      9.357    100.690     95.150     54.690    149.720     98.100    229.310
      9.429    112.670    100.180     72.920    183.430     37.680    280.220
      9.500    126.740     99.660     94.140    208.220    -55.350    310.110
      9.571        nan        nan        nan        nan        nan        nan
      9.643        nan        nan        nan        nan        nan        nan
      9.714        nan        nan        nan        nan        nan        nan
      9.786    172.130     39.860    151.680     76.250   -242.270     59.950
      9.857        nan        nan        nan        nan        nan        nan
      9.929        nan        nan        nan        nan        nan        nan
     10.000        nan        nan        nan        nan        nan        nan
     10.071        nan        nan        nan        nan        nan        nan
     10.143        nan        nan        nan        nan        nan        nan
     10.214    170.860    -17.630    131.200    -61.920     -1.670   -118.810
     10.286        nan        nan        nan        nan        nan        nan
     10.357        nan        nan        nan        nan        nan        nan
     10.429        nan        nan        nan        nan        nan        nan
     10.500        nan        nan        nan        nan        nan        nan
     10.571        nan        nan        nan        nan        nan        nan
     10.643        nan        nan        nan        nan        nan        nan
     10.714        nan        nan        nan        nan        nan        nan
     10.786        nan        nan        nan        nan        nan        nan
     10.857        nan        nan        nan        nan        nan        nan
     10.929        nan        nan        nan        nan        nan        nan
     11.000        nan        nan        nan        nan        nan        nan
     11.071        nan        nan        nan        nan        nan        nan
     11.143        nan        nan        nan        nan        nan        nan
     11.214        nan        nan        nan        nan        nan        nan
     11.286        nan        nan        nan        nan        nan        nan
     11.357        nan        nan        nan        nan        nan        nan
     11.429        nan        nan        nan        nan        nan        nan
